#雙點測試
2
289 290
342 541
#雙點測試 水平
#2
#200 200
#400 200
#雙點測試 垂直
#2
#200 200
#200 400
#雙點測試 重覆
2
200 200
200 200
#=============================================================================
#三點測試 水平
3
200 200
300 200
400 200
#三點測試 垂直
3
200 200
200 300
200 400
#三點測試 直角三角形
3
200 200
300 200
200 300
#三點測試 銳角三角形
3
147 190
164 361
283 233
#三點測試 鈍角三角形
3
398 93
233 263
345 197
#三點測試 y=2x 三點共線
3
10 20
20 40
200 400
#三點測試 x=4y 三點共線
3
4 1
100 25
400 100
#=============================================================================
#四點測試 正方形
4
100 200
200 100
100 100
200 200
#四點測試 菱形
4
193 64
193 370
103 200
283 200
#四點測試 三點包一點
4
331 179
233 276
432 275
330 229
#四點測試 三點共線
4
75 75
167 167
250 250
147 187
#四點測試 垂直兼水平共線
4
100 100
100 200
50 200
150 200
#=============================================================================
#五點測試 隨意五點
5
123 456
213 478
11 590
234 77
99 68
#五點測試 隨意五點
5
123 456
456 123
1 1
120 459
400 100
#五點測試 隨意五點
5
567 234
79 34
34 90
432 453
77 111
#=============================================================================
#隨便測試
6
12 89
124 592
131 11
543 212
23 400
312 12
